1011110110111111010010010111111111100110
1101111110101111110010011111110011100101
1001111110111011110111000110110111100111
1101111011101111110011010101110111101001
1011111011110111110011011111111001101010
1011111011111111010110010101011101100001
1101111011110111010111000111110011101000
1001111010101111110011110111110011100000
1011111011101111110011011110110001100100
1001111011111011110011010111111111100100
1001111011111111110111010101111111100001
1111111010111111010110000110110001100000
1011111011111111010111010110011111100100
1011111010111111010011000111011111100000
1001111011101011110011011101110011100001
1111111011101011110011011101010101101001
1011111011101011010010010101010011101101
1111111110101011010011010100010001100101
1011111011101011010011110101011101100110
1001100111100111010010000110010011000000
1011111110111111010111010111111011100000
1001101111111111110010000101111111100001
1011101111111111010010010110110001100110
1011111011110111110110110110011111100001
1011101011100011010011010111111001011110
1101111110101111110011010111110001100001
1001111011111111010011000101110001100011
1001101110111011110011100111111111100100
1001111010111011110111000111111011100110
1001101111111111110010000101111111100001
1001111111110011110111000111110111100110
1001111010111111110110001110110111100101
1110111111101011110011010101110011010101
